v1 1250 5156 9.973316e-11 26695420050
v1 1250 5156 9.973316e-11 26897486620
v1 1250 5156 9.973316e-11 26796873810
v1 1250 5156 9.973316e-11 26558065902
v1 1250 5156 9.973316e-11 26505670700
v1 1250 5156 9.973316e-11 26180436856
v1 1250 5156 9.973316e-11 25585765700
v1 1250 5156 9.973316e-11 25751747412
v1 1250 5156 9.973316e-11 25725493930
v1 1250 5156 9.973316e-11 25787126736
v1 2000 7625 9.982107e-11 102861516746
v1 2000 7625 9.982107e-11 103675985684
v1 2000 7625 9.982107e-11 103695740638
v1 2000 7625 9.982107e-11 104136127168
v1 2000 7625 9.982107e-11 103921360894
v1 2000 7625 9.982107e-11 103539997284
v1 2000 7625 9.982107e-11 104097886464
v1 2000 7625 9.982107e-11 103660642770
v1 2000 7625 9.982107e-11 104180619980
v1 2000 7625 9.982107e-11 104320298950
v1 3200 12035 9.998682e-11 422597448330
v1 3200 12035 9.998682e-11 422863876630
v1 3200 12035 9.998682e-11 421052053312
v1 3200 12035 9.998682e-11 421380091546
v1 3200 12035 9.998682e-11 420051182974
v1 3200 12035 9.998682e-11 421888181212
v1 3200 12035 9.998682e-11 419540136644
v1 3200 12035 9.998682e-11 421153788804
v1 3200 12035 9.998682e-11 425087581590
v1 3200 12035 9.998682e-11 422142179330
