v1 1250 5156 9.973316e-11 57660312666
v1 1250 5156 9.973316e-11 57718882634
v1 1250 5156 9.973316e-11 57726364514
v1 1250 5156 9.973316e-11 57607740458
v1 1250 5156 9.973316e-11 57423430558
v1 1250 5156 9.973316e-11 57346342518
v1 1250 5156 9.973316e-11 57395233132
v1 1250 5156 9.973316e-11 57396758938
v1 1250 5156 9.973316e-11 57368059582
v1 1250 5156 9.973316e-11 57350098844
v1 2000 7625 9.982107e-11 219226497644
v1 2000 7625 9.982107e-11 218820396604
v1 2000 7625 9.982107e-11 219854997628
v1 2000 7625 9.982107e-11 220002784298
v1 2000 7625 9.982107e-11 219392003166
v1 2000 7625 9.982107e-11 219229119586
v1 2000 7625 9.982107e-11 218834965256
v1 2000 7625 9.982107e-11 219389582570
v1 2000 7625 9.982107e-11 219972341612
v1 2000 7625 9.982107e-11 219617134228
v1 3200 12035 9.998682e-11 890218345950
v1 3200 12035 9.998682e-11 890971180122
v1 3200 12035 9.998682e-11 897304111194
v1 3200 12035 9.998682e-11 898035825110
v1 3200 12035 9.998682e-11 898729995436
v1 3200 12035 9.998682e-11 897873659064
v1 3200 12035 9.998682e-11 896595413736
v1 3200 12035 9.998682e-11 896613063330
v1 3200 12035 9.998682e-11 898363827298
v1 3200 12035 9.998682e-11 906526523006
