v2 1250 5156 9.973316e-11 17106198114
v2 1250 5156 9.973316e-11 18015831126
v2 1250 5156 9.973316e-11 18208517460
v2 1250 5156 9.973316e-11 18101218808
v2 1250 5156 9.973316e-11 17815376108
v2 1250 5156 9.973316e-11 18196063708
v2 1250 5156 9.973316e-11 18030921250
v2 1250 5156 9.973316e-11 18122557338
v2 1250 5156 9.973316e-11 18227240094
v2 1250 5156 9.973316e-11 18295245448
v2 2000 7625 9.982107e-11 80681744734
v2 2000 7625 9.982107e-11 86110255198
v2 2000 7625 9.982107e-11 82897929618
v2 2000 7625 9.982107e-11 85105035748
v2 2000 7625 9.982107e-11 88395288226
v2 2000 7625 9.982107e-11 82262320194
v2 2000 7625 9.982107e-11 87017022302
v2 2000 7625 9.982107e-11 83754061244
v2 2000 7625 9.982107e-11 86375092598
v2 2000 7625 9.982107e-11 86607332450
v2 3200 12035 9.998682e-11 464100730372
v2 3200 12035 9.998682e-11 447179667282
v2 3200 12035 9.998682e-11 442446257382
v2 3200 12035 9.998682e-11 427630616884
v2 3200 12035 9.998682e-11 445728632406
v2 3200 12035 9.998682e-11 384556051030
v2 3200 12035 9.998682e-11 428792672518
v2 3200 12035 9.998682e-11 402379275050
v2 3200 12035 9.998682e-11 400605835088
v2 3200 12035 9.998682e-11 400030221640
