v2 1250 5156 9.973316e-11 49672469412
v2 1250 5156 9.973316e-11 49958216778
v2 1250 5156 9.973316e-11 49584935204
v2 1250 5156 9.973316e-11 49602611968
v2 1250 5156 9.973316e-11 50043828492
v2 1250 5156 9.973316e-11 49599598640
v2 1250 5156 9.973316e-11 49593070818
v2 1250 5156 9.973316e-11 49602645750
v2 1250 5156 9.973316e-11 49665492882
v2 1250 5156 9.973316e-11 49742225218
v2 2000 7625 9.982107e-11 200105044394
v2 2000 7625 9.982107e-11 199936289862
v2 2000 7625 9.982107e-11 198399198938
v2 2000 7625 9.982107e-11 200562818288
v2 2000 7625 9.982107e-11 200072307476
v2 2000 7625 9.982107e-11 201140960342
v2 2000 7625 9.982107e-11 200637520856
v2 2000 7625 9.982107e-11 200095431992
v2 2000 7625 9.982107e-11 200414519514
v2 2000 7625 9.982107e-11 199005854682
v2 3200 12035 9.998682e-11 911003031404
v2 3200 12035 9.998682e-11 927802929152
v2 3200 12035 9.998682e-11 942661636248
v2 3200 12035 9.998682e-11 907570225182
v2 3200 12035 9.998682e-11 918856347178
v2 3200 12035 9.998682e-11 907178162374
v2 3200 12035 9.998682e-11 922635665564
v2 3200 12035 9.998682e-11 908860593484
v2 3200 12035 9.998682e-11 923745447428
v2 3200 12035 9.998682e-11 910560664002
