v3 1250 1 5156 9.973316e-11 24362712798
v3 1250 1 5156 9.973316e-11 24359442936
v3 1250 1 5156 9.973316e-11 24360106098
v3 1250 1 5156 9.973316e-11 24370511706
v3 1250 1 5156 9.973316e-11 24361081868
v3 1250 1 5156 9.973316e-11 24371235838
v3 1250 1 5156 9.973316e-11 24362357146
v3 1250 1 5156 9.973316e-11 24371734864
v3 1250 1 5156 9.973316e-11 24362776596
v3 1250 1 5156 9.973316e-11 24375579174
v3 1250 2 5156 9.973316e-11 12221568236
v3 1250 2 5156 9.973316e-11 12220067614
v3 1250 2 5156 9.973316e-11 12208933288
v3 1250 2 5156 9.973316e-11 12220327664
v3 1250 2 5156 9.973316e-11 12208381700
v3 1250 2 5156 9.973316e-11 12209651760
v3 1250 2 5156 9.973316e-11 12225627506
v3 1250 2 5156 9.973316e-11 12219320008
v3 1250 2 5156 9.973316e-11 12210072294
v3 1250 2 5156 9.973316e-11 12237039062
v3 1250 4 5156 9.973316e-11 6176094904
v3 1250 4 5156 9.973316e-11 6170887600
v3 1250 4 5156 9.973316e-11 6174256378
v3 1250 4 5156 9.973316e-11 6168670370
v3 1250 4 5156 9.973316e-11 6170975150
v3 1250 4 5156 9.973316e-11 6169790182
v3 1250 4 5156 9.973316e-11 6174651776
v3 1250 4 5156 9.973316e-11 6171694272
v3 1250 4 5156 9.973316e-11 6172342498
v3 1250 4 5156 9.973316e-11 6171401598
v3 1250 8 5156 9.973316e-11 3161424500
v3 1250 8 5156 9.973316e-11 3162227060
v3 1250 8 5156 9.973316e-11 3162665766
v3 1250 8 5156 9.973316e-11 3160360276
v3 1250 8 5156 9.973316e-11 3161149792
v3 1250 8 5156 9.973316e-11 3159504124
v3 1250 8 5156 9.973316e-11 3159341876
v3 1250 8 5156 9.973316e-11 3169424258
v3 1250 8 5156 9.973316e-11 3162067830
v3 1250 8 5156 9.973316e-11 3158629762
v3 1250 16 5156 9.973316e-11 1688161674
v3 1250 16 5156 9.973316e-11 1690474206
v3 1250 16 5156 9.973316e-11 1685832448
v3 1250 16 5156 9.973316e-11 1688960096
v3 1250 16 5156 9.973316e-11 1689303942
v3 1250 16 5156 9.973316e-11 1694715292
v3 1250 16 5156 9.973316e-11 1708368750
v3 1250 16 5156 9.973316e-11 1685449376
v3 1250 16 5156 9.973316e-11 1717484028
v3 1250 16 5156 9.973316e-11 1714882664
v3 1250 32 5156 9.973316e-11 1137138282
v3 1250 32 5156 9.973316e-11 1119861266
v3 1250 32 5156 9.973316e-11 1126879834
v3 1250 32 5156 9.973316e-11 1130194068
v3 1250 32 5156 9.973316e-11 1121007124
v3 1250 32 5156 9.973316e-11 1116903776
v3 1250 32 5156 9.973316e-11 1127752066
v3 1250 32 5156 9.973316e-11 1111472358
v3 1250 32 5156 9.973316e-11 1129623008
v3 1250 32 5156 9.973316e-11 1130711622
v3 2000 1 7625 9.982107e-11 96278117730
v3 2000 1 7625 9.982107e-11 96251825868
v3 2000 1 7625 9.982107e-11 96189268796
v3 2000 1 7625 9.982107e-11 96235320128
v3 2000 1 7625 9.982107e-11 96347428136
v3 2000 1 7625 9.982107e-11 96272631820
v3 2000 1 7625 9.982107e-11 96273800242
v3 2000 1 7625 9.982107e-11 96341817710
v3 2000 1 7625 9.982107e-11 96206471118
v3 2000 1 7625 9.982107e-11 96304255320
v3 2000 2 7625 9.982107e-11 47143002044
v3 2000 2 7625 9.982107e-11 47418474812
v3 2000 2 7625 9.982107e-11 47034342556
v3 2000 2 7625 9.982107e-11 46995895836
v3 2000 2 7625 9.982107e-11 47136214998
v3 2000 2 7625 9.982107e-11 47088697540
v3 2000 2 7625 9.982107e-11 47327979450
v3 2000 2 7625 9.982107e-11 47346011726
v3 2000 2 7625 9.982107e-11 47185746988
v3 2000 2 7625 9.982107e-11 47200585414
v3 2000 4 7625 9.982107e-11 23587871962
v3 2000 4 7625 9.982107e-11 23588871818
v3 2000 4 7625 9.982107e-11 23587663406
v3 2000 4 7625 9.982107e-11 23582763948
v3 2000 4 7625 9.982107e-11 23580080318
v3 2000 4 7625 9.982107e-11 23592091408
v3 2000 4 7625 9.982107e-11 23583370956
v3 2000 4 7625 9.982107e-11 23581975998
v3 2000 4 7625 9.982107e-11 23590489542
v3 2000 4 7625 9.982107e-11 23584738888
v3 2000 8 7625 9.982107e-11 11931048664
v3 2000 8 7625 9.982107e-11 11935643582
v3 2000 8 7625 9.982107e-11 11928985988
v3 2000 8 7625 9.982107e-11 11933784414
v3 2000 8 7625 9.982107e-11 11933846498
v3 2000 8 7625 9.982107e-11 11928703802
v3 2000 8 7625 9.982107e-11 11941719470
v3 2000 8 7625 9.982107e-11 11936942310
v3 2000 8 7625 9.982107e-11 11927972344
v3 2000 8 7625 9.982107e-11 11938158158
v3 2000 16 7625 9.982107e-11 6167636994
v3 2000 16 7625 9.982107e-11 6165268392
v3 2000 16 7625 9.982107e-11 6188568056
v3 2000 16 7625 9.982107e-11 6156229566
v3 2000 16 7625 9.982107e-11 6165250876
v3 2000 16 7625 9.982107e-11 6181427294
v3 2000 16 7625 9.982107e-11 6159697020
v3 2000 16 7625 9.982107e-11 6173648382
v3 2000 16 7625 9.982107e-11 6184137570
v3 2000 16 7625 9.982107e-11 6175756760
v3 2000 32 7625 9.982107e-11 3541562494
v3 2000 32 7625 9.982107e-11 3532554336
v3 2000 32 7625 9.982107e-11 3552126772
v3 2000 32 7625 9.982107e-11 3625911376
v3 2000 32 7625 9.982107e-11 3577452140
v3 2000 32 7625 9.982107e-11 3583299370
v3 2000 32 7625 9.982107e-11 3558295066
v3 2000 32 7625 9.982107e-11 3581677694
v3 2000 32 7625 9.982107e-11 3497450412
v3 2000 32 7625 9.982107e-11 3501614992
v3 3200 1 12035 9.998682e-11 398906717440
v3 3200 1 12035 9.998682e-11 399235410380
v3 3200 1 12035 9.998682e-11 399309457282
v3 3200 1 12035 9.998682e-11 399327127842
v3 3200 1 12035 9.998682e-11 399224515812
v3 3200 1 12035 9.998682e-11 399347947068
v3 3200 1 12035 9.998682e-11 399280939142
v3 3200 1 12035 9.998682e-11 399216937568
v3 3200 1 12035 9.998682e-11 399425655078
v3 3200 1 12035 9.998682e-11 399330757436
v3 3200 2 12035 9.998682e-11 198613480892
v3 3200 2 12035 9.998682e-11 198555700942
v3 3200 2 12035 9.998682e-11 198727600450
v3 3200 2 12035 9.998682e-11 198355911310
v3 3200 2 12035 9.998682e-11 198596572848
v3 3200 2 12035 9.998682e-11 198495772910
v3 3200 2 12035 9.998682e-11 198788614540
v3 3200 2 12035 9.998682e-11 198419807242
v3 3200 2 12035 9.998682e-11 198620165774
v3 3200 2 12035 9.998682e-11 198373501772
v3 3200 4 12035 9.998682e-11 99721978716
v3 3200 4 12035 9.998682e-11 99477138646
v3 3200 4 12035 9.998682e-11 99693353084
v3 3200 4 12035 9.998682e-11 99355871096
v3 3200 4 12035 9.998682e-11 99671211324
v3 3200 4 12035 9.998682e-11 99410653286
v3 3200 4 12035 9.998682e-11 99692222934
v3 3200 4 12035 9.998682e-11 99477303806
v3 3200 4 12035 9.998682e-11 99640329466
v3 3200 4 12035 9.998682e-11 99423862446
v3 3200 8 12035 9.998682e-11 50556067222
v3 3200 8 12035 9.998682e-11 50459763538
v3 3200 8 12035 9.998682e-11 50503775634
v3 3200 8 12035 9.998682e-11 50460654516
v3 3200 8 12035 9.998682e-11 50457750380
v3 3200 8 12035 9.998682e-11 50524642392
v3 3200 8 12035 9.998682e-11 50520179396
v3 3200 8 12035 9.998682e-11 50478933358
v3 3200 8 12035 9.998682e-11 50452724990
v3 3200 8 12035 9.998682e-11 50518142880
v3 3200 16 12035 9.998682e-11 26135936754
v3 3200 16 12035 9.998682e-11 26208064010
v3 3200 16 12035 9.998682e-11 26084963676
v3 3200 16 12035 9.998682e-11 26166112326
v3 3200 16 12035 9.998682e-11 26146248458
v3 3200 16 12035 9.998682e-11 26177187316
v3 3200 16 12035 9.998682e-11 26143610510
v3 3200 16 12035 9.998682e-11 26114106002
v3 3200 16 12035 9.998682e-11 26159830532
v3 3200 16 12035 9.998682e-11 26131009942
v3 3200 32 12035 9.998682e-11 15835342342
v3 3200 32 12035 9.998682e-11 16133127078
v3 3200 32 12035 9.998682e-11 15637278958
v3 3200 32 12035 9.998682e-11 16983580130
v3 3200 32 12035 9.998682e-11 16977370730
v3 3200 32 12035 9.998682e-11 15653920170
v3 3200 32 12035 9.998682e-11 15799415758
v3 3200 32 12035 9.998682e-11 15563663430
v3 3200 32 12035 9.998682e-11 15787713836
v3 3200 32 12035 9.998682e-11 15970664094
