v3 1250 1 5157 4.548338e-04 24474465036
v3 1250 1 5157 4.548338e-04 24477136370
v3 1250 1 5157 4.548338e-04 24475876876
v3 1250 1 5157 4.548338e-04 24476250446
v3 1250 1 5157 4.548338e-04 24477245984
v3 1250 1 5157 4.548338e-04 24475274972
v3 1250 1 5157 4.548338e-04 24479659722
v3 1250 1 5157 4.548338e-04 24475602324
v3 1250 1 5157 4.548338e-04 24471623004
v3 1250 1 5157 4.548338e-04 24470921684
v3 1250 2 5157 4.548338e-04 12333836488
v3 1250 2 5157 4.548338e-04 12334830130
v3 1250 2 5157 4.548338e-04 12378186590
v3 1250 2 5157 4.548338e-04 12337099568
v3 1250 2 5157 4.548338e-04 12391639856
v3 1250 2 5157 4.548338e-04 12332692256
v3 1250 2 5157 4.548338e-04 12334900504
v3 1250 2 5157 4.548338e-04 12397863686
v3 1250 2 5157 4.548338e-04 12346354152
v3 1250 2 5157 4.548338e-04 12333085708
v3 1250 4 5157 4.548338e-04 6408260562
v3 1250 4 5157 4.548338e-04 6407126478
v3 1250 4 5157 4.548338e-04 6415752188
v3 1250 4 5157 4.548338e-04 6410401192
v3 1250 4 5157 4.548338e-04 6412762226
v3 1250 4 5157 4.548338e-04 6412265912
v3 1250 4 5157 4.548338e-04 6400944684
v3 1250 4 5157 4.548338e-04 6410819658
v3 1250 4 5157 4.548338e-04 6412283012
v3 1250 4 5157 4.548338e-04 6412022054
v3 1250 8 5157 4.548338e-04 3289269068
v3 1250 8 5157 4.548338e-04 3288523114
v3 1250 8 5157 4.548338e-04 3289109496
v3 1250 8 5157 4.548338e-04 3287220034
v3 1250 8 5156 4.545524e-04 3290419742
v3 1250 8 5157 4.548338e-04 3287291768
v3 1250 8 5157 4.548338e-04 3292951690
v3 1250 8 5157 4.548338e-04 3289672552
v3 1250 8 5157 4.548338e-04 3288858674
v3 1250 8 5157 4.548338e-04 3287776308
v3 1250 16 5157 4.548338e-04 1745927346
v3 1250 16 5157 4.548338e-04 1743236394
v3 1250 16 5157 4.548338e-04 1746304412
v3 1250 16 5154 4.545524e-04 1743413448
v3 1250 16 5157 4.548338e-04 1739825386
v3 1250 16 5157 4.548338e-04 1740636758
v3 1250 16 5157 4.548338e-04 1741167412
v3 1250 16 5156 4.545524e-04 1741654488
v3 1250 16 5157 4.548338e-04 1739210930
v3 1250 16 5155 4.548339e-04 1744569142
v3 1250 32 5149 4.548340e-04 1156903212
v3 1250 32 5153 4.548338e-04 1176839060
v3 1250 32 5152 4.545523e-04 1168075778
v3 1250 32 5157 4.548338e-04 1164552464
v3 1250 32 5155 4.548340e-04 1163472138
v3 1250 32 5156 4.545525e-04 1163446902
v3 1250 32 5157 4.548338e-04 1176181798
v3 1250 32 5157 4.548338e-04 1162982378
v3 1250 32 5157 4.548338e-04 1163360060
v3 1250 32 5153 4.548339e-04 1161507658
v3 2000 1 7626 2.948970e-04 96204293106
v3 2000 1 7626 2.948970e-04 96229420410
v3 2000 1 7626 2.948970e-04 96230699234
v3 2000 1 7626 2.948970e-04 96177627830
v3 2000 1 7626 2.948970e-04 96222127670
v3 2000 1 7626 2.948970e-04 96167530954
v3 2000 1 7626 2.948970e-04 96230126474
v3 2000 1 7626 2.948970e-04 96290425266
v3 2000 1 7626 2.948970e-04 96148734816
v3 2000 1 7626 2.948970e-04 96152818554
v3 2000 2 7626 2.948970e-04 47970935958
v3 2000 2 7626 2.948970e-04 48171314014
v3 2000 2 7626 2.948970e-04 47911327090
v3 2000 2 7626 2.948970e-04 47930063250
v3 2000 2 7626 2.948970e-04 48258023128
v3 2000 2 7626 2.948970e-04 47854677418
v3 2000 2 7626 2.948970e-04 48011770538
v3 2000 2 7626 2.948970e-04 48039355184
v3 2000 2 7626 2.948970e-04 48117425714
v3 2000 2 7625 2.951236e-04 47930550980
v3 2000 4 7626 2.948970e-04 24415833802
v3 2000 4 7626 2.948970e-04 24404613786
v3 2000 4 7624 2.948970e-04 24403746208
v3 2000 4 7626 2.948970e-04 24403646190
v3 2000 4 7626 2.948970e-04 24405119230
v3 2000 4 7626 2.948970e-04 24406529258
v3 2000 4 7626 2.948970e-04 24404245838
v3 2000 4 7626 2.948970e-04 24410335212
v3 2000 4 7624 2.948970e-04 24399031190
v3 2000 4 7625 2.951236e-04 24403852456
v3 2000 8 7612 2.948969e-04 12371718552
v3 2000 8 7626 2.948970e-04 12388856098
v3 2000 8 7626 2.948970e-04 12381289250
v3 2000 8 7626 2.948970e-04 12385355466
v3 2000 8 7626 2.948970e-04 12396653318
v3 2000 8 7626 2.948970e-04 12392732530
v3 2000 8 7626 2.948970e-04 12394662134
v3 2000 8 7626 2.948970e-04 12396291642
v3 2000 8 7626 2.948970e-04 12388793210
v3 2000 8 7626 2.948970e-04 12387094724
v3 2000 16 7625 2.951236e-04 6464822852
v3 2000 16 7623 2.951236e-04 6460906814
v3 2000 16 7626 2.948970e-04 6499115450
v3 2000 16 7625 2.951236e-04 6468454524
v3 2000 16 7625 2.951236e-04 6484273426
v3 2000 16 7624 2.948969e-04 6471840886
v3 2000 16 7625 2.951236e-04 6476155526
v3 2000 16 7625 2.951236e-04 6466541918
v3 2000 16 7620 2.948970e-04 6475585718
v3 2000 16 7622 2.948969e-04 6490259776
v3 2000 32 7623 2.951236e-04 3669661102
v3 2000 32 7617 2.951236e-04 3688571822
v3 2000 32 7624 2.948969e-04 3665226140
v3 2000 32 7622 2.948970e-04 3625133248
v3 2000 32 7623 2.951236e-04 3678655934
v3 2000 32 7605 2.951236e-04 3644999662
v3 2000 32 7623 2.951236e-04 3665263222
v3 2000 32 7624 2.948969e-04 3662313358
v3 2000 32 7623 2.951236e-04 3667412316
v3 2000 32 7603 2.951236e-04 3665120000
v3 3200 1 12036 1.803179e-04 395861562388
v3 3200 1 12036 1.803179e-04 395868260706
v3 3200 1 12036 1.803179e-04 395913267480
v3 3200 1 12036 1.803179e-04 397160743678
v3 3200 1 12036 1.803179e-04 395926610992
v3 3200 1 12036 1.803179e-04 397862324374
v3 3200 1 12036 1.803179e-04 395845219682
v3 3200 1 12036 1.803179e-04 395911168416
v3 3200 1 12036 1.803179e-04 396992693502
v3 3200 1 12036 1.803179e-04 395921354560
v3 3200 2 12036 1.803179e-04 200718307998
v3 3200 2 12036 1.803179e-04 200850385620
v3 3200 2 12036 1.803179e-04 200822710892
v3 3200 2 12036 1.803179e-04 200629064740
v3 3200 2 12036 1.803179e-04 200846133210
v3 3200 2 12036 1.803179e-04 200760428066
v3 3200 2 12036 1.803179e-04 200783366880
v3 3200 2 12036 1.803179e-04 200813983300
v3 3200 2 12036 1.803179e-04 200871380364
v3 3200 2 12036 1.803179e-04 200818557668
v3 3200 4 12036 1.803179e-04 101819952838
v3 3200 4 12036 1.803179e-04 101810519408
v3 3200 4 12036 1.803179e-04 101601683908
v3 3200 4 12036 1.803179e-04 101631371868
v3 3200 4 12036 1.803179e-04 101651428144
v3 3200 4 12036 1.803179e-04 101792018936
v3 3200 4 12036 1.803179e-04 101577615100
v3 3200 4 12036 1.803179e-04 101692970734
v3 3200 4 12036 1.803179e-04 101526147382
v3 3200 4 12036 1.803179e-04 101648631684
v3 3200 8 12035 1.804920e-04 51546701874
v3 3200 8 12036 1.803179e-04 51871240132
v3 3200 8 12036 1.803179e-04 51637110724
v3 3200 8 12035 1.804920e-04 51718874148
v3 3200 8 12036 1.803179e-04 51608923930
v3 3200 8 12036 1.803179e-04 51747301122
v3 3200 8 12036 1.803179e-04 51661692168
v3 3200 8 12036 1.803179e-04 51820743864
v3 3200 8 12036 1.803179e-04 51608957424
v3 3200 8 12036 1.803179e-04 51733716198
v3 3200 16 12035 1.804920e-04 28862293194
v3 3200 16 12036 1.803179e-04 28744280858
v3 3200 16 12034 1.803179e-04 28807130126
v3 3200 16 12036 1.803179e-04 29042131474
v3 3200 16 12036 1.803179e-04 28801550230
v3 3200 16 12036 1.803179e-04 28961622332
v3 3200 16 12035 1.804920e-04 28826399446
v3 3200 16 12036 1.803179e-04 29044244502
v3 3200 16 12036 1.803179e-04 28213053732
v3 3200 16 12036 1.803179e-04 29074259188
v3 3200 32 12036 1.803179e-04 21233314474
v3 3200 32 12036 1.803179e-04 18979766730
v3 3200 32 12036 1.803179e-04 19119636106
v3 3200 32 12033 1.804920e-04 18219404192
v3 3200 32 12036 1.803179e-04 19163971284
v3 3200 32 12036 1.803179e-04 19944851434
v3 3200 32 12032 1.803179e-04 19175179802
v3 3200 32 12036 1.803179e-04 19087989988
v3 3200 32 12036 1.803179e-04 19555342648
v3 3200 32 12036 1.803179e-04 19033529728
