v3 1250 1 5157 4.548338e-04 24370178108
v3 1250 1 5157 4.548338e-04 24372775130
v3 1250 1 5157 4.548338e-04 24367705916
v3 1250 1 5157 4.548338e-04 24392066442
v3 1250 1 5157 4.548338e-04 24369735188
v3 1250 1 5157 4.548338e-04 24368860526
v3 1250 1 5157 4.548338e-04 24364195376
v3 1250 1 5157 4.548338e-04 24365857306
v3 1250 1 5157 4.548338e-04 24367161396
v3 1250 1 5157 4.548338e-04 24388590540
v3 1250 2 5157 4.548338e-04 12207019588
v3 1250 2 5157 4.548338e-04 12201104134
v3 1250 2 5157 4.548338e-04 12197645956
v3 1250 2 5157 4.548338e-04 12198889680
v3 1250 2 5157 4.548338e-04 12202868362
v3 1250 2 5157 4.548338e-04 12202180798
v3 1250 2 5157 4.548338e-04 12207206066
v3 1250 2 5157 4.548338e-04 12196648748
v3 1250 2 5157 4.548338e-04 12199475146
v3 1250 2 5157 4.548338e-04 12201199156
v3 1250 4 5031 4.548339e-04 5999546196
v3 1250 4 5127 4.548339e-04 6104438188
v3 1250 4 5140 4.545524e-04 6117196208
v3 1250 4 5137 4.548338e-04 6115381258
v3 1250 4 5143 4.548339e-04 6122825642
v3 1250 4 5138 4.545524e-04 6114358778
v3 1250 4 5093 4.548339e-04 6065574088
v3 1250 4 5132 4.545524e-04 6108849008
v3 1250 4 5138 4.545525e-04 6113026964
v3 1250 4 5133 4.548340e-04 6110443618
v3 1250 8 4603 4.548337e-04 2786349556
v3 1250 8 4597 4.548339e-04 2783572800
v3 1250 8 4643 4.548339e-04 2811303830
v3 1250 8 4700 4.545524e-04 2841312722
v3 1250 8 4735 4.548339e-04 2862561112
v3 1250 8 4758 4.545524e-04 2874768466
v3 1250 8 4655 4.548339e-04 2816040876
v3 1250 8 4710 4.545524e-04 2846567814
v3 1250 8 4739 4.548338e-04 2871795896
v3 1250 8 4772 4.545525e-04 2884034012
v3 1250 16 4072 4.545525e-04 1263645754
v3 1250 16 4080 4.545524e-04 1264903986
v3 1250 16 4071 4.548338e-04 1265318008
v3 1250 16 3719 4.548339e-04 1151407458
v3 1250 16 3905 4.548339e-04 1214011994
v3 1250 16 4039 4.548338e-04 1255360494
v3 1250 16 3937 4.548340e-04 1218475982
v3 1250 16 4160 4.545524e-04 1291334088
v3 1250 16 4094 4.545524e-04 1268729172
v3 1250 16 4069 4.548340e-04 1261623070
v3 1250 32 3473 4.548339e-04 600795822
v3 1250 32 3226 4.545526e-04 555918058
v3 1250 32 3359 4.548339e-04 579203700
v3 1250 32 2999 4.548337e-04 526873480
v3 1250 32 3280 4.545523e-04 564578194
v3 1250 32 3186 4.545526e-04 550884952
v3 1250 32 3166 4.545525e-04 551524904
v3 1250 32 3243 4.548338e-04 559499050
v3 1250 32 3085 4.548338e-04 530814868
v3 1250 32 3188 4.545525e-04 549954986
v3 2000 1 7626 2.948970e-04 96095117102
v3 2000 1 7626 2.948970e-04 96134780820
v3 2000 1 7626 2.948970e-04 96078688030
v3 2000 1 7626 2.948970e-04 96073735904
v3 2000 1 7626 2.948970e-04 96142315240
v3 2000 1 7626 2.948970e-04 96128884602
v3 2000 1 7626 2.948970e-04 96068044566
v3 2000 1 7626 2.948970e-04 96029772690
v3 2000 1 7626 2.948970e-04 96111405954
v3 2000 1 7626 2.948970e-04 95932473704
v3 2000 2 7626 2.948970e-04 47007823776
v3 2000 2 7626 2.948970e-04 47229366024
v3 2000 2 7616 2.948970e-04 46904864406
v3 2000 2 7625 2.951237e-04 47579277470
v3 2000 2 7625 2.951237e-04 47259735744
v3 2000 2 7625 2.951236e-04 48175754296
v3 2000 2 7625 2.951237e-04 46999545216
v3 2000 2 7625 2.951236e-04 46963910538
v3 2000 2 7625 2.951237e-04 46900773994
v3 2000 2 7625 2.951236e-04 47188777068
v3 2000 4 7620 2.948970e-04 23515868424
v3 2000 4 7556 2.948970e-04 23356272318
v3 2000 4 7613 2.951236e-04 23483305994
v3 2000 4 7617 2.951236e-04 23502806212
v3 2000 4 7625 2.951235e-04 23500727594
v3 2000 4 7623 2.951236e-04 23521932984
v3 2000 4 7595 2.951236e-04 23435696582
v3 2000 4 7611 2.951236e-04 23485145760
v3 2000 4 7611 2.951236e-04 23478794628
v3 2000 4 7595 2.951236e-04 23434388374
v3 2000 8 6964 2.948970e-04 10844860780
v3 2000 8 7070 2.948969e-04 11025018466
v3 2000 8 6991 2.951236e-04 10888307574
v3 2000 8 7031 2.951236e-04 10939577224
v3 2000 8 6945 2.951236e-04 10818772934
v3 2000 8 6864 2.948969e-04 10691803006
v3 2000 8 6918 2.948970e-04 10768958940
v3 2000 8 6816 2.948970e-04 10609069140
v3 2000 8 7012 2.948969e-04 10919003702
v3 2000 8 6863 2.951236e-04 10687944276
v3 2000 16 6117 2.951236e-04 4835433906
v3 2000 16 6325 2.951235e-04 5009526718
v3 2000 16 6413 2.951235e-04 5073078084
v3 2000 16 6428 2.948970e-04 5088666540
v3 2000 16 6115 2.951235e-04 4851027364
v3 2000 16 6327 2.951236e-04 5010493296
v3 2000 16 6258 2.948971e-04 4945923410
v3 2000 16 6374 2.948969e-04 5050311272
v3 2000 16 6340 2.948970e-04 5012012732
v3 2000 16 6245 2.951235e-04 4954151006
v3 2000 32 4439 2.951236e-04 1858971518
v3 2000 32 2137 2.951234e-04 1377775764
v3 2000 32 4641 2.951236e-04 1930139332
v3 2000 32 4545 2.951234e-04 1897769752
v3 2000 32 4419 2.951235e-04 1841131614
v3 2000 32 4512 2.948970e-04 1888286210
v3 2000 32 4583 2.951235e-04 1903618968
v3 2000 32 4433 2.951236e-04 1844132414
v3 2000 32 4516 2.948971e-04 1879857184
v3 2000 32 4299 2.951236e-04 1789353334
v3 3200 1 12036 1.803179e-04 395105220268
v3 3200 1 12036 1.803179e-04 395439568066
v3 3200 1 12036 1.803179e-04 395397652614
v3 3200 1 12036 1.803179e-04 395298561316
v3 3200 1 12036 1.803179e-04 395309288368
v3 3200 1 12036 1.803179e-04 395117743146
v3 3200 1 12036 1.803179e-04 395420346454
v3 3200 1 12036 1.803179e-04 395385328476
v3 3200 1 12036 1.803179e-04 395331100330
v3 3200 1 12036 1.803179e-04 395491588120
v3 3200 2 12036 1.803179e-04 197138453080
v3 3200 2 12036 1.803179e-04 197409741484
v3 3200 2 12036 1.803179e-04 196976012804
v3 3200 2 12036 1.803179e-04 197150711890
v3 3200 2 12036 1.803179e-04 197120316318
v3 3200 2 12036 1.803179e-04 197172460616
v3 3200 2 12036 1.803179e-04 197185660480
v3 3200 2 12036 1.803179e-04 197362082068
v3 3200 2 12036 1.803179e-04 197145973608
v3 3200 2 12036 1.803179e-04 197180111808
v3 3200 4 12036 1.803179e-04 98768285634
v3 3200 4 12025 1.804920e-04 98631332292
v3 3200 4 12010 1.803179e-04 98516220530
v3 3200 4 12030 1.803179e-04 98764020476
v3 3200 4 12030 1.803179e-04 98733586048
v3 3200 4 12033 1.804920e-04 98803673762
v3 3200 4 12033 1.804920e-04 98770611720
v3 3200 4 12032 1.803179e-04 98804564166
v3 3200 4 12028 1.803179e-04 98681195178
v3 3200 4 12036 1.803179e-04 98804567358
v3 3200 8 11966 1.803179e-04 49487156596
v3 3200 8 11849 1.804920e-04 48964747878
v3 3200 8 11928 1.803179e-04 49356119824
v3 3200 8 11832 1.803179e-04 48886874992
v3 3200 8 11673 1.804920e-04 48402799294
v3 3200 8 11752 1.803179e-04 48546410066
v3 3200 8 11906 1.803179e-04 49294092524
v3 3200 8 11884 1.803179e-04 49213953024
v3 3200 8 11801 1.804920e-04 48856963420
v3 3200 8 11786 1.803179e-04 48738490468
v3 3200 16 10410 1.803179e-04 22169493478
v3 3200 16 10799 1.804920e-04 23012371546
v3 3200 16 11039 1.804920e-04 23492265320
v3 3200 16 10365 1.804920e-04 22112897304
v3 3200 16 10868 1.803179e-04 23200263866
v3 3200 16 10870 1.803179e-04 23156234578
v3 3200 16 10343 1.804920e-04 22165070388
v3 3200 16 10515 1.804920e-04 22422407000
v3 3200 16 10275 1.804920e-04 21912945334
v3 3200 16 10453 1.804920e-04 22280519480
v3 3200 32 9420 1.803179e-04 12372588222
v3 3200 32 8669 1.804920e-04 11359656056
v3 3200 32 7799 1.804920e-04 10465657522
v3 3200 32 9657 1.804920e-04 12962276522
v3 3200 32 8781 1.804919e-04 9238096356
v3 3200 32 9560 1.803179e-04 12483686620
v3 3200 32 8737 1.804920e-04 11329809368
v3 3200 32 9588 1.803179e-04 12231215206
v3 3200 32 8985 1.804920e-04 12661759862
v3 3200 32 9220 1.803179e-04 12016948836
