v3 1250 1 5156 9.973316e-11 24374246614
v3 1250 1 5156 9.973316e-11 24371711332
v3 1250 1 5156 9.973316e-11 24379867132
v3 1250 1 5156 9.973316e-11 24372516118
v3 1250 1 5156 9.973316e-11 24378568234
v3 1250 1 5156 9.973316e-11 24373571050
v3 1250 1 5156 9.973316e-11 24371851252
v3 1250 1 5156 9.973316e-11 24379014032
v3 1250 1 5156 9.973316e-11 24376263942
v3 1250 1 5156 9.973316e-11 24376620110
v3 1250 2 5156 9.973316e-11 12274338824
v3 1250 2 5156 9.973316e-11 12230224832
v3 1250 2 5156 9.973316e-11 12232347776
v3 1250 2 5156 9.973316e-11 12231018372
v3 1250 2 5156 9.973316e-11 12236515712
v3 1250 2 5156 9.973316e-11 12266054818
v3 1250 2 5156 9.973316e-11 12252489710
v3 1250 2 5156 9.973316e-11 12266123490
v3 1250 2 5156 9.973316e-11 12232459100
v3 1250 2 5156 9.973316e-11 12230471850
v3 1250 4 5156 9.973316e-11 6244272224
v3 1250 4 5156 9.973316e-11 6240139262
v3 1250 4 5156 9.973316e-11 6237023008
v3 1250 4 5156 9.973316e-11 6232540116
v3 1250 4 5156 9.973316e-11 6237485422
v3 1250 4 5156 9.973316e-11 6237277140
v3 1250 4 5156 9.973316e-11 6235340864
v3 1250 4 5156 9.973316e-11 6237269998
v3 1250 4 5156 9.973316e-11 6235041590
v3 1250 4 5156 9.973316e-11 6234407222
v3 1250 8 5156 9.973316e-11 3245936446
v3 1250 8 5156 9.973316e-11 3245582340
v3 1250 8 5156 9.973316e-11 3245199464
v3 1250 8 5156 9.973316e-11 3243829772
v3 1250 8 5156 9.973316e-11 3245735176
v3 1250 8 5156 9.973316e-11 3245595030
v3 1250 8 5156 9.973316e-11 3243713410
v3 1250 8 5156 9.973316e-11 3244824092
v3 1250 8 5156 9.973316e-11 3247011874
v3 1250 8 5156 9.973316e-11 3243604746
v3 1250 16 5156 9.973316e-11 1821492394
v3 1250 16 5156 9.973316e-11 1826641466
v3 1250 16 5156 9.973316e-11 1834679766
v3 1250 16 5156 9.973316e-11 1837124892
v3 1250 16 5156 9.973316e-11 1815553372
v3 1250 16 5156 9.973316e-11 1811512668
v3 1250 16 5156 9.973316e-11 1837651832
v3 1250 16 5156 9.973316e-11 1838304726
v3 1250 16 5156 9.973316e-11 1814845906
v3 1250 16 5156 9.973316e-11 1828013910
v3 1250 32 5156 9.973316e-11 1323357476
v3 1250 32 5156 9.973316e-11 1326747872
v3 1250 32 5156 9.973316e-11 1351931676
v3 1250 32 5156 9.973316e-11 1324296610
v3 1250 32 5156 9.973316e-11 1329444870
v3 1250 32 5156 9.973316e-11 1335564016
v3 1250 32 5156 9.973316e-11 1323620402
v3 1250 32 5156 9.973316e-11 1327224056
v3 1250 32 5156 9.973316e-11 1331048352
v3 1250 32 5156 9.973316e-11 1320462644
v3 2000 1 7625 9.982107e-11 96304762532
v3 2000 1 7625 9.982107e-11 96332286492
v3 2000 1 7625 9.982107e-11 96410115012
v3 2000 1 7625 9.982107e-11 96431948094
v3 2000 1 7625 9.982107e-11 96315130836
v3 2000 1 7625 9.982107e-11 96338860090
v3 2000 1 7625 9.982107e-11 96360368674
v3 2000 1 7625 9.982107e-11 96341251872
v3 2000 1 7625 9.982107e-11 96303035826
v3 2000 1 7625 9.982107e-11 96314020470
v3 2000 2 7625 9.982107e-11 47776400232
v3 2000 2 7625 9.982107e-11 47759083346
v3 2000 2 7625 9.982107e-11 47683939304
v3 2000 2 7625 9.982107e-11 47942364800
v3 2000 2 7625 9.982107e-11 47740545332
v3 2000 2 7625 9.982107e-11 47853623056
v3 2000 2 7625 9.982107e-11 47719934544
v3 2000 2 7625 9.982107e-11 47825148586
v3 2000 2 7625 9.982107e-11 47897651194
v3 2000 2 7625 9.982107e-11 47873567612
v3 2000 4 7625 9.982107e-11 24065148934
v3 2000 4 7625 9.982107e-11 24084509958
v3 2000 4 7625 9.982107e-11 24070147500
v3 2000 4 7625 9.982107e-11 24082510906
v3 2000 4 7625 9.982107e-11 24076557770
v3 2000 4 7625 9.982107e-11 24090570536
v3 2000 4 7625 9.982107e-11 24079513344
v3 2000 4 7625 9.982107e-11 24080795764
v3 2000 4 7625 9.982107e-11 24086071376
v3 2000 4 7625 9.982107e-11 24066155736
v3 2000 8 7625 9.982107e-11 12290084808
v3 2000 8 7625 9.982107e-11 12295915788
v3 2000 8 7625 9.982107e-11 12285801814
v3 2000 8 7625 9.982107e-11 12289056872
v3 2000 8 7625 9.982107e-11 12282946388
v3 2000 8 7625 9.982107e-11 12284831948
v3 2000 8 7625 9.982107e-11 12294757108
v3 2000 8 7625 9.982107e-11 12287843554
v3 2000 8 7625 9.982107e-11 12297410372
v3 2000 8 7625 9.982107e-11 12292753750
v3 2000 16 7625 9.982107e-11 6534463562
v3 2000 16 7625 9.982107e-11 6564026426
v3 2000 16 7625 9.982107e-11 6519955170
v3 2000 16 7625 9.982107e-11 6549636500
v3 2000 16 7625 9.982107e-11 6556485718
v3 2000 16 7625 9.982107e-11 6531188200
v3 2000 16 7625 9.982107e-11 6533494190
v3 2000 16 7625 9.982107e-11 6544746414
v3 2000 16 7625 9.982107e-11 6542413830
v3 2000 16 7625 9.982107e-11 6531407508
v3 2000 32 7625 9.982107e-11 4021895522
v3 2000 32 7625 9.982107e-11 3994634826
v3 2000 32 7625 9.982107e-11 3973345928
v3 2000 32 7625 9.982107e-11 3989064864
v3 2000 32 7625 9.982107e-11 3968396466
v3 2000 32 7625 9.982107e-11 3988646356
v3 2000 32 7625 9.982107e-11 3981163738
v3 2000 32 7625 9.982107e-11 4009840600
v3 2000 32 7625 9.982107e-11 4055320420
v3 2000 32 7625 9.982107e-11 3984269502
v3 3200 1 12035 9.998682e-11 399109339030
v3 3200 1 12035 9.998682e-11 399534969028
v3 3200 1 12035 9.998682e-11 399330928876
v3 3200 1 12035 9.998682e-11 399246280662
v3 3200 1 12035 9.998682e-11 399534950582
v3 3200 1 12035 9.998682e-11 399306227322
v3 3200 1 12035 9.998682e-11 395179695600
v3 3200 1 12035 9.998682e-11 399186964654
v3 3200 1 12035 9.998682e-11 399490199044
v3 3200 1 12035 9.998682e-11 399215075268
v3 3200 2 12035 9.998682e-11 203463112756
v3 3200 2 12035 9.998682e-11 202598997994
v3 3200 2 12035 9.998682e-11 203449997920
v3 3200 2 12035 9.998682e-11 203011206772
v3 3200 2 12035 9.998682e-11 203288267944
v3 3200 2 12035 9.998682e-11 202842523094
v3 3200 2 12035 9.998682e-11 203448080874
v3 3200 2 12035 9.998682e-11 203129204214
v3 3200 2 12035 9.998682e-11 203251578976
v3 3200 2 12035 9.998682e-11 202998596986
v3 3200 4 12035 9.998682e-11 102792500978
v3 3200 4 12035 9.998682e-11 102743099760
v3 3200 4 12035 9.998682e-11 102797351206
v3 3200 4 12035 9.998682e-11 102671712300
v3 3200 4 12035 9.998682e-11 102765619336
v3 3200 4 12035 9.998682e-11 102752392136
v3 3200 4 12035 9.998682e-11 102827397684
v3 3200 4 12035 9.998682e-11 102599220258
v3 3200 4 12035 9.998682e-11 102836197888
v3 3200 4 12035 9.998682e-11 102733283820
v3 3200 8 12035 9.998682e-11 52843257908
v3 3200 8 12035 9.998682e-11 53091663314
v3 3200 8 12035 9.998682e-11 53008538402
v3 3200 8 12035 9.998682e-11 53049654822
v3 3200 8 12035 9.998682e-11 52976904122
v3 3200 8 12035 9.998682e-11 53002375196
v3 3200 8 12035 9.998682e-11 52862819196
v3 3200 8 12035 9.998682e-11 53026241220
v3 3200 8 12035 9.998682e-11 52896287674
v3 3200 8 12035 9.998682e-11 53020287746
v3 3200 16 12035 9.998682e-11 29481353604
v3 3200 16 12035 9.998682e-11 29665278306
v3 3200 16 12035 9.998682e-11 29350589188
v3 3200 16 12035 9.998682e-11 29174301714
v3 3200 16 12035 9.998682e-11 29523862502
v3 3200 16 12035 9.998682e-11 29133299404
v3 3200 16 12035 9.998682e-11 29598060360
v3 3200 16 12035 9.998682e-11 29509451910
v3 3200 16 12035 9.998682e-11 29427155982
v3 3200 16 12035 9.998682e-11 29079018950
v3 3200 32 12035 9.998682e-11 23523741654
v3 3200 32 12035 9.998682e-11 21622507428
v3 3200 32 12035 9.998682e-11 21748031490
v3 3200 32 12035 9.998682e-11 21351444486
v3 3200 32 12035 9.998682e-11 21138299690
v3 3200 32 12035 9.998682e-11 21991913708
v3 3200 32 12035 9.998682e-11 21843840708
v3 3200 32 12035 9.998682e-11 21400191076
v3 3200 32 12035 9.998682e-11 21233260394
v3 3200 32 12035 9.998682e-11 21555733886
