v4 1250 5156 9.973316e-11 41876132116
v4 1250 5156 9.973316e-11 41905149840
v4 1250 5156 9.973316e-11 41889075210
v4 1250 5156 9.973316e-11 41890779070
v4 1250 5156 9.973316e-11 41883829524
v4 1250 5156 9.973316e-11 41888596280
v4 1250 5156 9.973316e-11 41907761646
v4 1250 5156 9.973316e-11 42464721538
v4 1250 5156 9.973316e-11 41899966406
v4 1250 5156 9.973316e-11 41898034218
v4 2000 7625 9.982107e-11 158570537144
v4 2000 7625 9.982107e-11 160369934996
v4 2000 7625 9.982107e-11 160619231564
v4 2000 7625 9.982107e-11 160299628100
v4 2000 7625 9.982107e-11 160295179052
v4 2000 7625 9.982107e-11 160253202854
v4 2000 7625 9.982107e-11 160174593868
v4 2000 7625 9.982107e-11 160240131066
v4 2000 7625 9.982107e-11 160188241186
v4 2000 7625 9.982107e-11 160252074758
v4 3200 12035 9.998682e-11 658137807424
v4 3200 12035 9.998682e-11 653179833870
v4 3200 12035 9.998682e-11 657415188318
v4 3200 12035 9.998682e-11 653496769092
v4 3200 12035 9.998682e-11 657555790726
v4 3200 12035 9.998682e-11 653409451112
v4 3200 12035 9.998682e-11 657686663330
v4 3200 12035 9.998682e-11 653710690468
v4 3200 12035 9.998682e-11 663912860556
v4 3200 12035 9.998682e-11 653058376600
