v4 1250 5156 9.973316e-11 14700621526
v4 1250 5156 9.973316e-11 14705192074
v4 1250 5156 9.973316e-11 14798141934
v4 1250 5156 9.973316e-11 14703759734
v4 1250 5156 9.973316e-11 14799853078
v4 1250 5156 9.973316e-11 14703808328
v4 1250 5156 9.973316e-11 14797523108
v4 1250 5156 9.973316e-11 14701092550
v4 1250 5156 9.973316e-11 14797679118
v4 1250 5156 9.973316e-11 14703240450
v4 2000 7625 9.982107e-11 60493586900
v4 2000 7625 9.982107e-11 60807925554
v4 2000 7625 9.982107e-11 60766126384
v4 2000 7625 9.982107e-11 60719291618
v4 2000 7625 9.982107e-11 60733339508
v4 2000 7625 9.982107e-11 60703904976
v4 2000 7625 9.982107e-11 60728360242
v4 2000 7625 9.982107e-11 60706542242
v4 2000 7625 9.982107e-11 60723555910
v4 2000 7625 9.982107e-11 60622137350
v4 3200 12035 9.998682e-11 264400274860
v4 3200 12035 9.998682e-11 275318676316
v4 3200 12035 9.998682e-11 265071273462
v4 3200 12035 9.998682e-11 266430778908
v4 3200 12035 9.998682e-11 265161856504
v4 3200 12035 9.998682e-11 264928029324
v4 3200 12035 9.998682e-11 264922174334
v4 3200 12035 9.998682e-11 264886872742
v4 3200 12035 9.998682e-11 264887673174
v4 3200 12035 9.998682e-11 264899642758
